N= 1: size= 1, classes=[(1, 0)]
  elapsed: 0.000s
N= 2: size= 1, classes=[(1, 0)]
  elapsed: 0.000s
N= 3: size= 1, classes=[(1, 0)]
  elapsed: 0.001s
N= 4: size= 2, classes=[(2, 0), (4, 1)]
  elapsed: 0.001s
N= 5: size= 2, classes=[(2, 0), (4, 1)]
  elapsed: 0.001s
N= 6: size= 2, classes=[(2, 0), (4, 1)]
  elapsed: 0.002s
N= 7: size= 2, classes=[(2, 0), (4, 1)]
  elapsed: 0.002s
N= 8: size= 3, classes=[(2, 0), (4, 1), (8, 3)]
  elapsed: 0.002s
N= 9: size= 3, classes=[(2, 0), (4, 1), (8, 3)]
  elapsed: 0.003s
N=10: size= 3, classes=[(2, 0), (4, 1), (8, 3)]
  elapsed: 0.003s
N=11: size= 3, classes=[(2, 0), (4, 1), (8, 3)]
  elapsed: 0.004s
N=12: size= 4, classes=[(3, 0), (6, 1), (9, 2), (12, 4)]
  elapsed: 0.006s
N=13: size= 4, classes=[(3, 0), (6, 1), (9, 2), (12, 4)]
  elapsed: 0.007s
N=14: size= 4, classes=[(3, 0), (6, 1), (9, 2), (12, 4)]
  elapsed: 0.010s
N=15: size= 4, classes=[(3, 0), (6, 1), (9, 2), (12, 4)]
  elapsed: 0.017s
N=16: size= 5, classes=[(4, 0), (6, 1), (8, 2), (12, 3), (16, 6)]
  elapsed: 0.023s
N=17: size= 5, classes=[(4, 0), (6, 1), (8, 2), (12, 3), (16, 6)]
  elapsed: 0.030s
N=18: size= 6, classes=[(4, 0), (6, 1), (8, 2), (12, 3), (16, 6), (18, 5)]
  elapsed: 0.038s
N=19: size= 6, classes=[(4, 0), (6, 1), (8, 2), (12, 3), (16, 6), (18, 5)]
  elapsed: 0.046s
N=20: size= 6, classes=[(4, 0), (6, 1), (8, 2), (12, 3), (16, 6), (18, 5)]
  elapsed: 0.081s
N=21: size= 6, classes=[(4, 0), (6, 1), (8, 2), (12, 3), (16, 6), (18, 5)]
  elapsed: 0.128s
N=22: size= 6, classes=[(4, 0), (6, 1), (8, 2), (12, 3), (16, 6), (18, 5)]
  elapsed: 0.346s
N=23: size= 6, classes=[(4, 0), (6, 1), (8, 2), (12, 3), (16, 6), (18, 5)]
  elapsed: 0.559s
N=24: size= 7, classes=[(4, 0), (6, 1), (8, 2), (12, 3), (16, 6), (18, 5), (24, 9)]
  elapsed: 0.776s
N=25: size= 7, classes=[(4, 0), (6, 1), (8, 2), (12, 3), (16, 6), (18, 5), (24, 9)]
  elapsed: 0.995s
N=26: size= 7, classes=[(4, 0), (6, 1), (8, 2), (12, 3), (16, 6), (18, 5), (24, 9)]
  elapsed: 1.887s
N=27: size= 7, classes=[(3, 0), (6, 1), (9, 2), (12, 4), (18, 5), (24, 10), (27, 8)]
  elapsed: 3.152s
N=28: size= 7, classes=[(3, 0), (6, 1), (9, 2), (12, 4), (18, 5), (24, 10), (27, 8)]
  elapsed: 6.801s
N=29: size= 7, classes=[(3, 0), (6, 1), (9, 2), (12, 4), (18, 5), (24, 10), (27, 8)]
  elapsed: 10.553s
N=30: size= 8, classes=[(6, 0), (9, 1), (12, 3), (15, 2), (18, 4), (24, 9), (27, 7), (30, 5)]
  elapsed: 16.488s
N=31: size= 8, classes=[(6, 0), (9, 1), (12, 3), (15, 2), (18, 4), (24, 9), (27, 7), (30, 5)]
  elapsed: 22.881s
N=32: size= 8, classes=[(4, 0), (6, 1), (8, 2), (12, 3), (16, 6), (18, 5), (24, 9), (32, 14)]
  elapsed: 36.590s
N=33: size= 8, classes=[(4, 0), (6, 1), (8, 2), (12, 3), (16, 6), (18, 5), (24, 9), (32, 14)]
  elapsed: 55.037s
N=34: size= 8, classes=[(4, 0), (6, 1), (8, 2), (12, 3), (16, 6), (18, 5), (24, 9), (32, 14)]
  elapsed: 109.296s
N=35: size= 8, classes=[(4, 0), (6, 1), (8, 2), (12, 3), (16, 6), (18, 5), (24, 9), (32, 14)]
  elapsed: 161.446s
N=36: size= 9, classes=[(4, 0), (6, 1), (8, 2), (12, 3), (16, 6), (18, 5), (24, 9), (32, 14), (36, 11)]
  elapsed: 214.014s
N=37: size= 9, classes=[(4, 0), (6, 1), (8, 2), (12, 3), (16, 6), (18, 5), (24, 9), (32, 14), (36, 11)]
  elapsed: 267.321s
N=38: size= 9, classes=[(4, 0), (6, 1), (8, 2), (12, 3), (16, 6), (18, 5), (24, 9), (32, 14), (36, 11)]
  elapsed: 599.099s
N=39: size= 9, classes=[(4, 0), (6, 1), (8, 2), (12, 3), (16, 6), (18, 5), (24, 9), (32, 14), (36, 11)]
  elapsed: 979.379s
N=40: size=10, classes=[(6, 0), (8, 1), (12, 2), (16, 5), (18, 4), (20, 3), (24, 8), (32, 13), (36, 10), (40, 7)]
  elapsed: 1398.614s
N=41: size=10, classes=[(6, 0), (8, 1), (12, 2), (16, 5), (18, 4), (20, 3), (24, 8), (32, 13), (36, 10), (40, 7)]
  elapsed: 1823.533s
N=42: size=10, classes=[(6, 0), (8, 1), (12, 2), (16, 5), (18, 4), (20, 3), (24, 8), (32, 13), (36, 10), (40, 7)]
  elapsed: 3828.093s
N=43: size=10, classes=[(6, 0), (8, 1), (12, 2), (16, 5), (18, 4), (20, 3), (24, 8), (32, 13), (36, 10), (40, 7)]
  elapsed: 5875.322s
N=44: size=10, classes=[(6, 0), (8, 1), (12, 2), (16, 5), (18, 4), (20, 3), (24, 8), (32, 13), (36, 10), (40, 7)]
  elapsed: 15920.010s